141
154
188
206
216
240
261
359
367
388
440
611
740
745
772
780
1051
1207
1212
1283
1362
1365
1477
1488
1542
1559
1606
1628
1748
1835
1844
2005
2031
2331
2368
2412
2539
2594
2721
2788
2880
2889
2909
2926
3042
3104
3250
3269
3278
3292
3364
3426
3515
3528
3582
3588
3661
3669
3717
3743
3908
3983
4071
4189
4237
4241
4400
4458
4485
4621
4632
4686
4714
4887
4945
5038
5060
5111
5236
5255
5468
5489
5526
5634
5656
5673
5799
5807
5853
5955
5955
5975
6073
6107
6214
6304
6331
6389
6433
6474
6529
6560
6599
6745
6797
6811
6956
7021
7366
7453
7517
7570
7666
7675
7757
7935
7956
7992
8043
8266
8316
8370
8398
8525
8585
8682
8716
8747
8794
8820
8940
8980
9162
9245
9351
9365
9489
9506
9572
9650
9677
9724
9859
10115
10147
10209
10262
10300
10472
10507
10536
10634
10659
10710
10765
10782
10922
10978
10985
11048
11051
11119
11145
11153
11216
11287
11308
11400
11439
11498
11499
11599
11618
11691
11726
11736
11765
11919
11941
11948
11982
12085
12106
12127
12134
12149
12199
12226
12244
12293
12360
12455
12455
12461
12709
12764
12771
12779
12809
12881
13104
13119
13168
13189
13238
13304
13308
13326
13341
13380
13382
13410
13576
13702
13737
13751
13840
13928
14034
14063
14067
14077
14137
14171
14361
14425
14429
14478
14488
14498
14506
14563
14584
14664
14766
14796
14920
15046
15079
15193
15253
15370
15393
15451
15465
15496
15712
15768
15789
15844
15943
15967
16149
16239
16269
16517
16558
16575
16605
16624
16750
16861
16887
16917
16947
16948
16957
16999
17071
17137
17283
17304
17460
17636
17750
17796
17815
17973
18002
18080
18189
18322
18394
18519
18583
18603
18619
18693
18800
18806
18878
18918
18936
18975
19126
19155
19310
19431
19439
19574
19659
19695
19887
20033
20119
20201
20261
20299
20347
20397
20448
20503
20535
20553
20558
20573
20691
20723
20746
20756
20757
20805
20811
20837
20844
20851
20993
21009
21036
21097
21223
21234
21331
21405
21419
21443
21525
21556
21734
21809
21818
21845
21958
21964
21988
22246
22246
22252
22258
22265
22315
22334
22400
22473
22521
22550
22551
22566
22576
22620
22675
22704
22736
22833
22859
22873
22889
22898
22907
22958
23004
23016
23109
23120
23135
23241
23259
23277
23288
23344
23346
23354
23409
23462
23501
23650
23658
23707
23748
23846
23911
23941
23986
23995
24015
24124
24318
24434
24470
24497
24500
24543
24551
24591
24730
24738
24743
24806
24812
24929
25105
25111
25191
25233
25283
25332
25428
25444
25453
25490
25503
25511
25521
25525
25532
25689
25780
25840
25854
26038
26102
26169
26432
26563
26650
26670
26676
26691
26791
26938
26968
27137
27173
27210
27248
27505
27506
27517
27552
27572
27641
27975
28108
28144
28155
28308
28331
28400
28435
28521
28591
28762
28909
28914
29000
29056
29076
29216
29265
29368
29379
29381
29552
29612
29670
29767
29785
29798
29813
29924
30035
30064
30128
30318
30448
30488
30491
30539
30781
30808
30810
30856
30869
30930
31027
31159
31220
31278
31367
31418
31431
31434
31444
31452
31680
31953
32152
32314
32316
32354
32677
32724
