15
21
23
25
50
54
57
57
59
61
71
77
109
113
115
116
141
154
159
168
176
183
188
192
192
195
197
206
209
216
226
228
240
255
257
257
260
261
278
282
292
295
298
306
308
313
335
353
359
367
375
388
400
407
413
422
431
439
440
453
459
476
490
519
525
530
544
555
562
578
588
600
611
632
642
668
677
687
695
706
722
740
744
745
748
754
757
766
769
769
770
772
780
785
788
804
810
818
821
822
825
831
841
859
864
870
872
885
895
909
922
931
935
937
954
959
962
964
972
972
995
1014
1015
1022
1026
1051
1052
1062
1063
1065
1076
1082
1089
1091
1100
1122
1123
1129
1164
1164
1173
1176
1187
1201
1207
1212
1214
1216
1219
1228
1231
1237
1242
1246
1265
1268
1283
1285
1295
1318
1322
1334
1334
1336
1342
1362
1364
1365
1377
1389
1413
1414
1418
1426
1437
1448
1451
1462
1467
1469
1470
1477
1488
1501
1506
1509
1542
1558
1559
1606
1616
1619
1622
1628
1632
1645
1646
1648
1653
1657
1659
1713
1728
1745
1748
1752
1762
1762
1776
1780
1788
1789
1798
1802
1815
1815
1835
1844
1844
1844
1870
1879
1881
1893
1911
1916
1930
1945
1958
1961
1979
1983
2005
2010
2020
2021
2027
2031
2049
2050
2062
2067
2086
2091
2123
2127
2139
2161
2163
2163
2165
2171
2179
2184
2184
2188
2190
2192
2200
2202
2203
2205
2208
2219
2221
2221
2223
2226
2240
2264
2279
2282
2297
2298
2301
2311
2311
2313
2318
2319
2331
2340
2343
2344
2347
2355
2368
2374
2379
2380
2387
2391
2401
2404
2404
2406
2412
2414
2419
2424
2426
2446
2448
2458
2459
2460
2463
2464
2464
2464
2473
2475
2484
2487
2493
2495
2514
2529
2539
2543
2546
2551
2567
2567
2571
2576
2580
2580
2583
2585
2594
2602
2603
2606
2607
2607
2615
2631
2644
2647
2649
2671
2673
2678
2684
2688
2721
2721
2730
2735
2746
2751
2758
2759
2762
2767
2788
2789
2792
2814
2836
2838
2841
2863
2872
2875
2875
2876
2880
2884
2886
2889
2892
2894
2902
2905
2906
2909
2909
2917
2918
2926
2929
2931
2956
2971
2983
2984
2992
2993
2999
3006
3019
3023
3042
3043
3048
3061
3076
3081
3081
3089
3091
3095
3102
3104
3104
3106
3113
3128
3139
3145
3152
3173
3180
3188
3190
3191
3196
3207
3227
3241
3247
3250
3257
3262
3269
3270
3278
3278
3280
3283
3291
3292
3293
3303
3303
3306
3334
3355
3364
3364
3378
3381
3385
3405
3426
3433
3448
3466
3472
3474
3483
3490
3493
3501
3507
3509
3515
3515
3528
3529
3558
3560
3582
3584
3588
3600
3600
3620
3630
3634
3639
3661
3669
3693
3697
3717
3718
3720
3724
3731
3731
3738
3743
3753
3753
3754
3759
3759
3774
3783
3800
3801
3824
3837
3855
3863
3867
3897
3908
3913
3913
3917
3921
3925
3943
3950
3961
3967
3973
3981
3983
3984
4001
4018
4021
4025
4032
4047
4053
4055
4071
4071
4072
4103
4134
4145
4149
4151
4152
4166
4174
4179
4186
4189
4193
4212
4228
4237
4241
4257
4308
4309
4339
4349
4370
4400
4405
4429
4431
4434
4458
4465
4475
4476
4485
4489
4498
4520
4520
4524
4541
4578
4581
4597
4600
4621
4632
4632
4635
4638
4645
4651
4660
4679
4686
4686
4688
4702
4707
4709
4714
4717
4724
4736
4737
4753
4805
4805
4818
4837
4846
4848
4872
4874
4877
4884
4887
4890
4896
4910
4926
4935
4937
4943
4945
4948
4949
4952
4967
4982
5008
5011
5014
5015
5017
5036
5038
5046
5048
5050
5056
5057
5058
5060
5064
5101
5109
5111
5126
5130
5140
5144
5157
5165
5170
5198
5225
5227
5236
5242
5245
5255
5269
5275
5284
5290
5312
5315
5323
5326
5328
5338
5345
5349
5354
5355
5383
5389
5390
5395
5398
5405
5417
5420
5424
5435
5441
5441
5441
5441
5447
5450
5454
5454
5463
5468
5489
5508
5509
5510
5521
5526
5537
5539
5540
5554
5563
5566
5568
5581
5582
5585
5587
5591
5606
5619
5624
5634
5647
5649
5652
5656
5673
5682
5693
5701
5702
5706
5710
5712
5743
5744
5751
5752
5754
5759
5765
5784
5799
5807
5814
5834
5835
5835
5837
5841
5850
5853
5853
5878
5901
5902
5916
5919
5930
5940
5941
5949
5950
5950
5955
5955
5957
5958
5958
5958
5962
5963
5970
5974
5975
5981
6001
6012
6030
6032
6032
6033
6043
6071
6073
6098
6107
6109
6124
6127
6129
6147
6148
6153
6156
6166
6167
6169
6190
6197
6202
6210
6214
6225
6229
6229
6233
6247
6259
6264
6276
6295
6297
6300
6304
6309
6314
6316
6331
6332
6346
6352
6368
6386
6389
6390
6397
6408
6433
6440
6463
6472
6474
6476
6490
6521
6526
6529
6535
6540
6543
6546
6549
6557
6560
6560
6588
6589
6593
6598
6599
6608
6610
6626
6634
6634
6640
6667
6689
6699
6700
6716
6724
6728
6745
6749
6749
6763
6780
6781
6785
6797
6799
6802
6811
6816
6828
6842
6849
6851
6856
6867
6867
6880
6892
6927
6956
6965
6971
6995
6996
6996
7002
7003
7008
7021
7039
7061
7077
7077
7084
7090
7098
7099
7103
7125
7129
7133
7151
7153
7166
7167
7169
7171
7180
7205
7213
7252
7264
7268
7269
7291
7301
7316
7318
7319
7327
7355
7356
7359
7366
7390
7395
7395
7432
7440
7453
7453
7464
7466
7470
7481
7482
7487
7494
7495
7504
7512
7517
7520
7520
7524
7529
7537
7545
7547
7570
7577
7583
7596
7607
7613
7618
7638
7647
7652
7663
7666
7674
7675
7678
7679
7679
7688
7696
7697
7709
7710
7731
7736
7745
7755
7756
7757
7764
7773
7792
7794
7801
7803
7817
7819
7820
7825
7837
7838
7840
7859
7871
7875
7895
7898
7901
7903
7911
7918
7932
7935
7940
7945
7947
7949
7954
7956
7970
7978
7979
7980
7986
7990
7992
8006
8013
8019
8020
8026
8030
8043
8076
8078
8082
8089
8095
8106
8114
8127
8130
8132
8139
8152
8155
8161
8165
8169
8173
8176
8184
8198
8213
8220
8231
8231
8266
8297
8316
8317
8321
8328
8332
8339
8341
8343
8343
8347
8355
8361
8370
8389
8398
8428
8430
8439
8443
8446
8478
8487
8505
8521
8525
8547
8551
8556
8557
8571
8585
8593
8600
8600
8615
8636
8646
8663
8664
8667
8682
8694
8716
8718
8730
8737
8740
8747
8758
8774
8778
8778
8794
8799
8799
8801
8805
8808
8810
8820
8840
8840
8844
8858
8861
8887
8890
8891
8898
8939
8940
8942
8964
8979
8980
9003
9004
9006
9008
9009
9013
9020
9028
9037
9042
9048
9052
9055
9062
9068
9070
9086
9095
9100
9113
9116
9116
9117
9124
9128
9129
9136
9150
9150
9153
9157
9160
9162
9199
9245
9246
9252
9271
9272
9294
9351
9356
9365
9368
9380
9402
9404
9413
9417
9423
9446
9464
9464
9465
9488
9489
9493
9497
9501
9506
9541
9553
9561
9567
9572
9574
9575
9582
9585
9603
9611
9622
9626
9650
9650
9673
9677
9682
9684
9708
9710
9719
9724
9732
9740
9763
9767
9769
9788
9795
9797
9831
9838
9841
9848
9849
9859
9861
9866
9879
9880
9896
9901
9917
9922
9935
9938
9945
9947
9963
9964
9977
10012
10018
10025
10030
10042
10048
10053
10063
10083
10084
10093
10094
10115
10126
10144
10144
10147
10147
10150
10150
10176
10177
10182
10201
10209
10232
10243
10243
10250
10262
10263
10300
10335
10335
10338
10353
10357
10360
10369
10373
10380
10387
10393
10394
10395
10404
10415
10418
10418
10420
10424
10427
10428
10444
10445
10448
10454
10472
10490
10492
10493
10497
10498
10499
10503
10505
10507
10507
10510
10511
10519
10536
10541
10542
10555
10575
10582
10586
10603
10606
10621
10621
10625
10634
10635
10639
10640
10642
10653
10655
10659
10660
10662
10699
10710
10712
10713
10715
10715
10746
10749
10765
10769
10782
10786
10795
10803
10806
10809
10817
10827
10846
10849
10856
10868
10873
10898
10900
10904
10909
10912
10915
10916
10922
10922
10929
10938
10942
10950
10952
10978
10985
10991
10991
10997
10997
11010
11011
11013
11016
11018
11021
11021
11031
11046
11048
11051
11051
11060
11067
11077
11081
11084
11088
11093
11111
11118
11119
11119
11145
11153
11156
11170
11180
11185
11194
11203
11205
11210
11216
11234
11240
11245
11256
11263
11273
11276
11287
11298
11307
11308
11308
11310
11311
11320
11322
11347
11353
11356
11369
11371
11379
11379
11400
11404
11420
11426
11434
11437
11439
11442
11452
11455
11463
11464
11482
11498
11499
11513
11516
11522
11554
11557
11571
11575
11575
11578
11584
11590
11593
11597
11599
11618
11626
11627
11633
11662
11672
11677
11680
11691
11693
11725
11726
11726
11736
11752
11762
11763
11765
11771
11771
11777
11807
11808
11814
11816
11821
11838
11841
11874
11883
11890
11891
11907
11917
11919
11919
11928
11933
11934
11935
11941
11942
11945
11948
11957
11976
11982
12003
12011
12017
12020
12024
12024
12040
12042
12051
12051
12061
12067
12070
12075
12078
12082
12085
12098
12106
12122
12127
12131
12134
12144
12149
12155
12164
12169
12170
12199
12202
12213
12217
12221
12226
12233
12237
12239
12241
12244
12256
12256
12257
12279
12282
12293
12295
12306
12316
12321
12322
12325
12332
12340
12345
12359
12360
12380
12385
12388
12391
12399
12400
12408
12424
12438
12454
12454
12455
12455
12459
12461
12473
12477
12496
12500
12528
12528
12536
12538
12543
12548
12555
12565
12571
12572
12581
12584
12590
12592
12594
12609
12625
12654
12683
12701
12709
12719
12722
12722
12742
12746
12746
12759
12762
12764
12771
12776
12779
12793
12793
12801
12805
12809
12815
12816
12821
12825
12841
12853
12853
12854
12867
12875
12881
12887
12894
12899
12902
12926
12947
12957
12960
12975
13007
13015
13017
13017
13036
13041
13045
13057
13064
13067
13094
13102
13104
13109
13114
13119
13125
13142
13147
13153
13168
13182
13189
13201
13201
13202
13204
13207
13217
13222
13228
13234
13238
13241
13250
13256
13260
13269
13276
13279
13280
13292
13294
13304
13307
13308
13317
13325
13326
13328
13332
13340
13341
13368
13372
13380
13382
13397
13404
13408
13410
13424
13427
13432
13433
13443
13460
13464
13466
13472
13473
13475
13481
13488
13502
13509
13516
13524
13533
13536
13537
13549
13561
13576
13578
13595
13598
13604
13605
13611
13619
13619
13634
13636
13637
13639
13657
13658
13666
13668
13671
13684
13695
13698
13702
13702
13710
13716
13725
13725
13737
13748
13751
13765
13771
13799
13813
13821
13827
13830
13840
13849
13874
13877
13881
13882
13888
13912
13928
13940
13940
13946
13947
13974
13977
13984
14001
14007
14015
14021
14026
14027
14034
14038
14047
14063
14066
14067
14069
14075
14077
14104
14115
14119
14129
14137
14145
14145
14147
14171
14175
14175
14183
14216
14225
14229
14263
14264
14264
14275
14279
14282
14290
14293
14302
14308
14315
14325
14326
14346
14361
14406
14419
14425
14429
14434
14435
14445
14447
14451
14453
14463
14469
14470
14472
14478
14481
14488
14498
14500
14504
14506
14519
14524
14549
14563
14572
14573
14582
14584
14598
14607
14609
14615
14619
14622
14630
14653
14655
14664
14695
14709
14710
14716
14738
14756
14761
14766
14770
14772
14774
14784
14790
14790
14796
14797
14806
14812
14835
14836
14841
14843
14851
14852
14854
14875
14881
14890
14906
14919
14920
14943
14956
14963
14967
14994
14996
15019
15027
15035
15041
15041
15046
15046
15049
15079
15085
15107
15118
15122
15125
15139
15142
15147
15148
15160
15163
15164
15167
15176
15181
15182
15193
15209
15220
15231
15239
15244
15253
15270
15315
15321
15324
15327
15328
15329
15329
15335
15339
15346
15346
15349
15351
15352
15359
15368
15370
15388
15392
15393
15398
15410
15415
15419
15447
15451
15452
15465
15467
15467
15470
15483
15494
15495
15496
15518
15526
15537
15539
15567
15567
15572
15576
15577
15584
15587
15634
15637
15648
15662
15668
15686
15694
15698
15701
15712
15714
15723
15727
15745
15751
15761
15762
15766
15768
15772
15774
15785
15789
15791
15802
15819
15820
15829
15830
15832
15834
15836
15844
15876
15883
15905
15924
15934
15943
15952
15954
15967
15967
15969
15976
15991
15994
16001
16001
16022
16029
16037
16037
16062
16062
16079
16082
16083
16098
16119
16124
16148
16149
16153
16162
16166
16179
16181
16182
16192
16195
16196
16197
16198
16202
16221
16221
16222
16228
16237
16239
16239
16249
16264
16269
16275
16290
16293
16297
16299
16302
16315
16320
16322
16322
16326
16344
16361
16361
16366
16404
16407
16413
16415
16417
16433
16438
16441
16463
16476
16480
16493
16494
16507
16517
16528
16556
16556
16558
16564
16572
16575
16579
16599
16605
16609
16615
16623
16623
16624
16634
16644
16646
16664
16669
16670
16684
16705
16710
16719
16721
16730
16735
16739
16739
16746
16750
16768
16768
16772
16774
16777
16791
16797
16811
16816
16825
16835
16838
16849
16856
16856
16859
16861
16862
16873
16880
16882
16887
16888
16893
16917
16922
16923
16925
16936
16947
16947
16948
16951
16957
16961
16979
16980
16985
16986
16991
16996
16998
16999
17034
17047
17058
17071
17074
17088
17093
17093
17095
17112
17120
17121
17135
17136
17137
17140
17157
17172
17180
17208
17210
17230
17233
17237
17243
17258
17278
17283
17291
17294
17304
17307
17327
17327
17329
17335
17335
17352
17358
17359
17369
17372
17375
17383
17387
17389
17390
17422
17428
17437
17440
17445
17445
17446
17446
17449
17450
17458
17460
17460
17479
17487
17499
17519
17527
17532
17540
17541
17545
17549
17577
17586
17601
17611
17636
17661
17679
17682
17684
17702
17714
17716
17721
17730
17738
17747
17750
17752
17755
17756
17769
17796
17809
17815
17815
17825
17840
17871
17882
17885
17922
17922
17939
17957
17968
17973
17986
18000
18002
18013
18029
18057
18063
18080
18099
18113
18116
18124
18130
18134
18143
18158
18176
18184
18188
18189
18190
18191
18196
18207
18208
18211
18212
18217
18221
18230
18232
18233
18233
18235
18246
18247
18258
18271
18277
18283
18291
18295
18299
18305
18306
18311
18313
18314
18322
18328
18341
18352
18359
18386
18394
18396
18410
18418
18442
18454
18460
18464
18473
18482
18482
18491
18519
18531
18533
18533
18539
18550
18551
18562
18572
18583
18585
18595
18603
18619
18622
18637
18669
18671
18693
18708
18709
18717
18727
18743
18750
18762
18764
18765
18769
18782
18784
18798
18800
18800
18803
18804
18806
18820
18831
18833
18843
18844
18844
18850
18856
18859
18871
18873
18878
18885
18891
18912
18918
18936
18957
18958
18975
18978
19001
19002
19018
19019
19030
19034
19041
19045
19053
19071
19074
19087
19099
19101
19110
19114
19126
19142
19142
19144
19148
19152
19154
19155
19169
19184
19203
19208
19210
19225
19227
19232
19236
19247
19249
19255
19256
19256
19265
19267
19271
19303
19305
19310
19312
19327
19365
19381
19387
19388
19394
19415
19419
19422
19431
19431
19439
19460
19490
19492
19497
19501
19507
19509
19516
19518
19541
19550
19562
19564
19571
19572
19574
19585
19611
19611
19617
19627
19628
19630
19654
19656
19659
19666
19671
19673
19673
19695
19704
19706
19710
19711
19723
19726
19728
19731
19736
19747
19749
19751
19752
19769
19800
19810
19814
19814
19818
19823
19847
19850
19875
19884
19887
19898
19899
19903
19904
19908
19917
19928
19928
19928
19933
19933
19942
19949
19952
19955
19991
20019
20022
20025
20033
20034
20035
20038
20038
20056
20059
20073
20077
20086
20087
20093
20099
20103
20104
20113
20119
20134
20139
20140
20142
20148
20164
20164
20167
20172
20184
20186
20190
20194
20198
20201
20203
20228
20229
20246
20247
20259
20260
20261
20285
20288
20292
20293
20299
20310
20318
20335
20343
20345
20347
20355
20355
20368
20374
20394
20397
20410
20428
20433
20436
20448
20452
20453
20470
20485
20496
20503
20506
20510
20514
20515
20517
20521
20534
20535
20553
20554
20556
20558
20570
20573
20574
20580
20588
20597
20611
20613
20623
20633
20636
20637
20641
20649
20654
20672
20677
20684
20691
20700
20707
20710
20723
20746
20756
20757
20757
20759
20784
20798
20799
20802
20805
20811
20814
20817
20833
20835
20837
20844
20851
20860
20895
20899
20899
20900
20912
20915
20921
20923
20926
20928
20930
20966
20967
20969
20970
20974
20993
21000
21001
21009
21011
21015
21023
21025
21032
21034
21036
21045
21047
21090
21097
21102
21104
21113
21124
21139
21139
21202
21206
21206
21223
21223
21234
21236
21248
21256
21262
21266
21283
21300
21306
21312
21321
21328
21329
21331
21331
21338
21340
21340
21344
21344
21349
21351
21355
21391
21398
21402
21405
21405
21406
21411
21419
21421
21442
21443
21450
21461
21467
21499
21504
21521
21522
21523
21525
21529
21533
21537
21539
21542
21546
21556
21559
21575
21576
21582
21585
21585
21589
21630
21662
21667
21669
21675
21680
21693
21693
21705
21707
21713
21717
21721
21725
21729
21734
21745
21760
21782
21785
21790
21794
21809
21818
21828
21831
21833
21845
21853
21864
21865
21867
21873
21884
21884
21889
21901
21917
21937
21942
21948
21955
21958
21958
21964
21965
21985
21987
21988
21998
22014
22014
22017
22033
22049
22052
22058
22068
22070
22073
22079
22082
22083
22087
22104
22105
22106
22112
22121
22129
22136
22164
22177
22184
22210
22217
22219
22223
22246
22246
22247
22252
22258
22265
22266
22269
22291
22305
22309
22315
22331
22333
22334
22346
22369
22397
22399
22400
22414
22427
22430
22431
22441
22442
22445
22459
22460
22469
22471
22473
22480
22511
22521
22538
22542
22550
22551
22566
22568
22568
22572
22576
22602
22613
22617
22619
22620
22620
22623
22627
22630
22633
22648
22653
22658
22675
22681
22701
22704
22719
22736
22736
22743
22758
22762
22766
22769
22773
22777
22779
22799
22804
22813
22833
22853
22859
22859
22873
22889
22893
22893
22898
22907
22921
22921
22921
22937
22958
22967
22968
22996
23004
23015
23016
23024
23027
23039
23040
23065
23067
23076
23077
23109
23110
23120
23131
23135
23149
23150
23152
23152
23153
23173
23175
23175
23182
23184
23196
23207
23217
23222
23232
23241
23255
23256
23259
23276
23277
23280
23283
23288
23290
23298
23313
23327
23344
23344
23345
23346
23354
23356
23366
23370
23374
23379
23398
23398
23404
23406
23406
23409
23419
23421
23425
23428
23430
23431
23432
23462
23469
23481
23483
23486
23491
23501
23501
23501
23506
23511
23526
23530
23530
23534
23535
23542
23556
23557
23560
23586
23586
23595
23606
23618
23628
23645
23646
23650
23651
23658
23682
23698
23707
23707
23720
23728
23734
23740
23743
23745
23748
23762
23763
23767
23778
23785
23792
23793
23798
23804
23813
23820
23836
23837
23837
23841
23843
23846
23855
23875
23879
23886
23893
23911
23938
23941
23945
23956
23959
23964
23967
23982
23986
23995
23996
23999
24013
24015
24023
24030
24047
24056
24066
24073
24080
24080
24088
24124
24129
24137
24142
24148
24156
24164
24166
24173
24179
24182
24184
24199
24219
24229
24244
24247
24251
24254
24268
24270
24279
24280
24286
24288
24289
24294
24303
24304
24318
24318
24324
24339
24380
24391
24405
24405
24411
24411
24411
24423
24430
24434
24434
24436
24447
24448
24451
24454
24455
24457
24462
24467
24468
24470
24472
24497
24500
24501
24506
24506
24508
24510
24523
24542
24543
24551
24553
24555
24564
24578
24580
24581
24591
24597
24601
24606
24612
24615
24617
24621
24640
24648
24658
24660
24668
24677
24677
24679
24709
24730
24734
24738
24743
24763
24769
24775
24778
24797
24805
24806
24812
24822
24822
24856
24858
24862
24867
24885
24889
24899
24911
24918
24918
24922
24925
24929
24930
24961
24967
24984
24993
24997
24999
25005
25009
25018
25018
25020
25031
25038
25041
25049
25059
25078
25087
25089
25105
25111
25149
25164
25191
25201
25211
25215
25229
25233
25243
25250
25256
25269
25276
25283
25283
25288
25293
25297
25324
25332
25333
25339
25344
25350
25350
25351
25365
25371
25372
25383
25390
25416
25417
25424
25424
25425
25428
25444
25445
25447
25450
25453
25456
25484
25490
25503
25506
25511
25516
25521
25523
25525
25525
25532
25532
25540
25560
25561
25562
25625
25639
25659
25663
25682
25688
25688
25689
25699
25715
25716
25720
25726
25736
25745
25751
25773
25773
25775
25780
25781
25811
25823
25827
25829
25834
25835
25836
25840
25845
25848
25854
25867
25872
25873
25874
25886
25886
25895
25912
25944
25959
25964
25965
25966
25976
26004
26005
26015
26022
26030
26032
26032
26038
26054
26055
26057
26071
26083
26083
26085
26094
26102
26111
26134
26154
26169
26175
26178
26190
26212
26218
26221
26222
26230
26231
26235
26281
26284
26284
26296
26300
26304
26312
26330
26342
26343
26349
26353
26358
26374
26381
26388
26397
26409
26431
26432
26436
26457
26458
26480
26498
26500
26511
26532
26533
26535
26563
26580
26582
26583
26590
26627
26649
26650
26652
26652
26660
26670
26674
26676
26678
26686
26689
26690
26691
26702
26728
26733
26743
26747
26771
26781
26782
26791
26795
26803
26817
26825
26828
26830
26843
26846
26850
26850
26852
26870
26885
26887
26892
26893
26897
26899
26908
26916
26923
26925
26927
26937
26938
26945
26946
26952
26963
26966
26968
26993
26996
27002
27008
27023
27046
27052
27065
27066
27066
27081
27090
27092
27097
27103
27109
27116
27118
27121
27137
27140
27157
27173
27180
27203
27210
27210
27225
27231
27235
27248
27251
27258
27262
27263
27286
27290
27320
27324
27324
27329
27338
27340
27348
27352
27368
27370
27373
27374
27388
27399
27405
27407
27413
27419
27430
27430
27433
27440
27457
27469
27472
27503
27505
27506
27509
27517
27520
27523
27536
27539
27544
27552
27557
27564
27572
27614
27621
27628
27641
27644
27651
27657
27661
27661
27667
27670
27671
27671
27678
27679
27692
27730
27743
27759
27764
27770
27777
27781
27781
27809
27825
27845
27849
27867
27867
27892
27910
27956
27959
27962
27975
28009
28024
28035
28037
28040
28057
28067
28071
28078
28079
28091
28108
28128
28130
28144
28155
28155
28158
28163
28165
28175
28192
28193
28199
28205
28212
28234
28241
28254
28296
28308
28315
28328
28328
28331
28344
28348
28350
28354
28364
28384
28400
28401
28410
28411
28413
28415
28433
28435
28445
28452
28459
28469
28470
28483
28486
28508
28509
28516
28518
28521
28542
28568
28578
28591
28594
28608
28626
28629
28670
28676
28693
28703
28711
28721
28737
28744
28748
28762
28774
28781
28781
28783
28783
28811
28822
28842
28853
28891
28899
28909
28910
28914
28915
28922
28932
28946
28953
28955
28956
28961
28971
28972
28978
28984
28994
29000
29004
29007
29016
29056
29056
29057
29060
29063
29069
29076
29079
29079
29099
29099
29107
29119
29120
29135
29142
29155
29159
29160
29163
29164
29180
29194
29207
29210
29216
29227
29228
29233
29252
29265
29268
29270
29279
29283
29283
29293
29307
29314
29314
29318
29345
29353
29359
29368
29379
29380
29381
29385
29391
29402
29410
29429
29438
29439
29475
29483
29484
29492
29493
29528
29552
29556
29591
29602
29604
29604
29611
29612
29621
29627
29630
29634
29650
29663
29668
29669
29670
29672
29673
29675
29693
29696
29698
29704
29709
29711
29720
29721
29725
29739
29742
29744
29767
29769
29773
29776
29779
29785
29793
29798
29804
29811
29813
29815
29815
29817
29823
29829
29830
29846
29863
29868
29891
29899
29901
29912
29916
29921
29924
29951
29954
29965
29970
29975
29981
29985
30017
30035
30037
30050
30050
30064
30074
30085
30090
30093
30093
30096
30101
30101
30105
30108
30110
30119
30120
30128
30141
30142
30146
30151
30157
30164
30185
30186
30208
30256
30258
30264
30265
30269
30295
30300
30305
30305
30309
30318
30329
30334
30351
30359
30365
30368
30413
30430
30437
30438
30441
30448
30452
30473
30479
30488
30488
30491
30491
30501
30510
30522
30530
30539
30539
30563
30565
30580
30588
30601
30603
30608
30620
30622
30629
30636
30652
30657
30659
30666
30672
30687
30689
30701
30701
30705
30730
30748
30753
30763
30769
30770
30775
30781
30808
30810
30818
30820
30823
30830
30836
30847
30850
30850
30856
30867
30869
30872
30879
30880
30885
30889
30903
30905
30918
30920
30926
30930
30932
30941
30949
30953
30957
30966
30972
30982
30988
31001
31005
31008
31017
31027
31055
31059
31064
31069
31076
31084
31098
31110
31113
31114
31119
31159
31160
31164
31184
31205
31214
31220
31231
31244
31250
31252
31257
31258
31274
31276
31277
31278
31288
31288
31294
31303
31309
31333
31340
31353
31359
31367
31369
31377
31386
31387
31402
31403
31410
31418
31427
31427
31431
31432
31434
31439
31444
31450
31452
31454
31461
31468
31468
31470
31487
31492
31493
31503
31509
31513
31529
31532
31533
31538
31538
31549
31553
31554
31585
31585
31589
31589
31620
31625
31643
31651
31655
31674
31675
31680
31682
31690
31696
31701
31710
31712
31718
31719
31722
31731
31732
31735
31739
31747
31763
31770
31779
31793
31802
31833
31836
31836
31836
31837
31846
31862
31931
31931
31943
31945
31953
31965
31983
32013
32046
32049
32051
32058
32070
32088
32089
32100
32106
32122
32127
32152
32160
32169
32187
32188
32194
32204
32218
32222
32226
32246
32250
32250
32255
32287
32292
32314
32316
32323
32327
32328
32328
32350
32354
32360
32388
32390
32403
32408
32409
32452
32464
32476
32482
32485
32492
32501
32501
32502
32502
32531
32544
32545
32560
32584
32595
32602
32604
32612
32621
32632
32643
32650
32655
32677
32691
32695
32718
32722
32724
32729
32755
32764
