( 0, 0 )
Infty
Infty
( 0,6,15,11,4,17,22,25,21,19,3, 79 )
( 0,6,15,11,4, -6 )
Infty
( 0,6, -10 )
( 0,24,7, 38 )
Infty
( 0,6,15,11,4,17,22,25,21,19,3,26,18,9, 144 )
( 0,6,12,10, 29 )
( 0,6,15,11, -1 )
( 0,6,12, 11 )
( 0,24,13, 25 )
( 0,24,13,20,14, 85 )
( 0,6,15, -12 )
( 0,6,15,11,4,17,22,25,16, 81 )
( 0,6,15,11,4,17, -8 )
( 0,6,15,11,4,17,22,25,21,19,3,26,18, 114 )
( 0,6,15,11,4,17,22,25,21,19, 67 )
( 0,24,13,20, 52 )
( 0,6,15,11,4,17,22,25,21, 43 )
( 0,6,15,11,4,17,22, 33 )
Infty
( 0,24, -7 )
( 0,6,15,11,4,17,22,25, 44 )
( 0,6,15,11,4,17,22,25,21,19,3,26, 113 )
( 1,6,15,22,25,21,19,0, 63 )
( 1, 0 )
Infty
( 1,6,15,22,25,21,19,3, 84 )
( 1,6,15,11,4, 16 )
Infty
( 1,6, 12 )
( 1,6,15,11,4,7, 62 )
Infty
( 1,6,15,22,25,21,19,3,26,18,9, 149 )
( 1,6,12,10, 51 )
( 1,6,15,11, 21 )
( 1,6,12, 33 )
( 1,6,15,11,13, 47 )
( 1,6,15,11,13,20,14, 107 )
( 1,6,15, 10 )
Infty
( 1,6,15,11,4,17, 14 )
( 1,6,15,22,25,21,19,3,26,18, 119 )
( 1,6,15,22,25,21,19, 72 )
( 1,6,15,11,13,20, 74 )
( 1,6,15,22,25,21, 48 )
( 1,6,15,22, 38 )
Infty
( 1,6,15,11,4,17,24, 49 )
( 1,6,15,22,25, 49 )
( 1,6,15,22,25,21,19,3,26, 118 )
( 2,0, 44 )
( 2,11,13,8,1, 81 )
( 2, 0 )
( 2,0,6,15,22,25,21,19,3, 106 )
( 2,11,4, 37 )
Infty
( 2,0,6, 34 )
( 2,0,24,7, 82 )
( 2,11,13,8, 69 )
( 2,0,6,15,22,25,21,19,3,26,18,9, 171 )
( 2,0,6,12,10, 73 )
( 2,11, 42 )
( 2,0,6,12, 55 )
( 2,11,13, 68 )
( 2,11,13,20,14, 128 )
( 2,0,6,15, 32 )
( 2,0,6,15,22,25,16, 108 )
( 2,11,4,17, 35 )
( 2,0,6,15,22,25,21,19,3,26,18, 141 )
( 2,0,6,15,22,25,21,19, 94 )
( 2,11,13,20, 95 )
( 2,0,6,15,22,25,21, 70 )
( 2,0,6,15,22, 60 )
Infty
( 2,0,24, 37 )
( 2,0,6,15,22,25, 71 )
( 2,0,6,15,22,25,21,19,3,26, 140 )
( 3,21,19,0, 57 )
( 3,26,18,15,11,13,8,1, 82 )
( 3,26,18,15,11,13,8,2, 80 )
( 3, 0 )
( 3,26,18,15,11,4, 38 )
Infty
( 3,21,19,0,6, 47 )
( 3,26,18,15,11,4,7, 84 )
( 3,26,18,15,11,13,8, 70 )
( 3,26,18,9, 65 )
( 3,26,18,9,12,10, 77 )
( 3,26,18,15,11, 43 )
( 3,26,18,9,12, 59 )
( 3,26,18,15,11,13, 69 )
Infty
( 3,26,18,15, 32 )
( 3,26,18,15,22,25,16, 108 )
( 3,26,18,15,11,4,17, 36 )
( 3,26,18, 35 )
( 3,21,19, 66 )
( 3,26,18,15,11,13,20, 96 )
( 3,21, 42 )
( 3,26,18,15,22, 60 )
Infty
( 3,21,19,0,24, 50 )
( 3,26,18,15,22,25, 71 )
( 3,26, 34 )
( 4,7,13,8,2,0, 147 )
( 4,7,13,8,1, 105 )
( 4,7,13,8,2, 103 )
Infty
( 4, 0 )
Infty
( 4,17,22,6, 79 )
( 4,7, 46 )
( 4,7,13,8, 93 )
Infty
( 4,17,22,6,12,10, 118 )
( 4,17,22,6,15,11, 88 )
( 4,17,22,6,12, 100 )
( 4,7,13, 92 )
( 4,7,13,20,14, 152 )
( 4,17,22,6,15, 77 )
( 4,17,22,25,16, 87 )
( 4,17, -2 )
Infty
Infty
( 4,7,13,20, 119 )
( 4,17,22,25,16,21, 132 )
( 4,17,22, 39 )
Infty
( 4,7,24, 95 )
( 4,17,22,25, 50 )
Infty
( 5,10,11,13,8,2,0, 100 )
( 5,10,11,13,8,1, 58 )
( 5,10,11,13,8,2, 56 )
Infty
( 5,10,11,4, 14 )
( 5, 0 )
( 5,10,12,6, 69 )
( 5,10,11,4,7, 60 )
( 5,10,11,13,8, 46 )
Infty
( 5,10, 25 )
( 5,10,11, 19 )
( 5,10,12, 71 )
( 5,10,11,13, 45 )
( 5,10,11,13,20,14, 105 )
( 5,10,12,6,15, 67 )
( 5,10,11,4,17,22,25,16, 101 )
( 5,10,11,4,17, 12 )
Infty
Infty
( 5,10,11,13,20, 72 )
( 5,23,21, 32 )
( 5,10,11,4,17,22, 53 )
( 5,23, 32 )
( 5,10,11,4,17,24, 47 )
( 5,10,11,4,17,22,25, 64 )
Infty
( 6,15,22,25,21,19,0, 51 )
( 6,15,11,13,8,1, 48 )
( 6,15,11,13,8,2, 46 )
( 6,15,22,25,21,19,3, 72 )
( 6,15,11,4, 4 )
Infty
( 6, 0 )
( 6,15,11,4,7, 50 )
( 6,15,11,13,8, 36 )
( 6,15,22,25,21,19,3,26,18,9, 137 )
( 6,12,10, 39 )
( 6,15,11, 9 )
( 6,12, 21 )
( 6,15,11,13, 35 )
( 6,15,11,13,20,14, 95 )
( 6,15, -2 )
Infty
( 6,15,11,4,17, 2 )
( 6,15,22,25,21,19,3,26,18, 107 )
( 6,15,22,25,21,19, 60 )
( 6,15,11,13,20, 62 )
( 6,15,22,25,21, 36 )
( 6,15,22, 26 )
Infty
( 6,15,11,4,17,24, 37 )
( 6,15,22,25, 37 )
( 6,15,22,25,21,19,3,26, 106 )
( 7,13,8,2,0, 101 )
( 7,13,8,1, 59 )
( 7,13,8,2, 57 )
Infty
( 7,13,8,1,6,15,11,4, 75 )
Infty
( 7,13,8,1,6, 71 )
( 7, 0 )
( 7,13,8, 47 )
Infty
( 7,13,8,1,6,12,10, 110 )
( 7,13,8,1,6,15,11, 80 )
( 7,13,8,1,6,12, 92 )
( 7,13, 46 )
( 7,13,20,14, 106 )
( 7,13,8,1,6,15, 69 )
Infty
( 7,13,8,1,6,15,11,4,17, 73 )
Infty
Infty
( 7,13,20, 73 )
Infty
( 7,13,8,1,6,15,22, 97 )
Infty
( 7,24, 49 )
Infty
Infty
( 8,2,0, 54 )
( 8,1, 12 )
( 8,2, 10 )
( 8,1,6,15,22,25,21,19,3, 96 )
( 8,1,6,15,11,4, 28 )
Infty
( 8,1,6, 24 )
( 8,1,6,15,11,4,7, 74 )
( 8, 0 )
( 8,1,6,15,22,25,21,19,3,26,18,9, 161 )
( 8,1,6,12,10, 63 )
( 8,1,6,15,11, 33 )
( 8,1,6,12, 45 )
( 8,1,6,15,11,13, 59 )
Infty
( 8,1,6,15, 22 )
( 8,1,6,15,22,25,16, 98 )
( 8,1,6,15,11,4,17, 26 )
( 8,1,6,15,22,25,21,19,3,26,18, 131 )
( 8,1,6,15,22,25,21,19, 84 )
( 8,1,6,15,11,13,20, 86 )
( 8,1,6,15,22,25,21, 60 )
( 8,1,6,15,22, 50 )
Infty
( 8,2,0,24, 47 )
( 8,1,6,15,22,25, 61 )
( 8,1,6,15,22,25,21,19,3,26, 130 )
( 9,12,6,15,11,4,17,22,25,21,19,0, 60 )
Infty
Infty
( 9,12,6,15,11,4,17,22,25,21,19,3, 81 )
( 9,12,6,15,11,4, -4 )
Infty
( 9,12,6, -8 )
( 9,12,6,15,11,4,7, 42 )
Infty
( 9, 0 )
( 9,12,10, 12 )
( 9,12,6,15,11, 1 )
( 9,12, -6 )
( 9,12,6,15,11,13, 27 )
( 9,12,6,15,11,13,20,14, 87 )
( 9,12,6,15, -10 )
( 9,12,6,15,11,4,17,22,25,16, 83 )
( 9,12,6,15,11,4,17, -6 )
Infty
( 9,12,6,15,11,4,17,22,25,21,19, 69 )
( 9,12,6,15,11,13,20, 54 )
( 9,12,6,15,11,4,17,22,25,21, 45 )
( 9,12,6,15,11,4,17,22, 35 )
Infty
( 9,12,6,15,11,4,17,24, 29 )
( 9,12,6,15,11,4,17,22,25, 46 )
( 9,12,6,15,11,4,17,22,25,21,19,3,26, 115 )
( 10,11,13,8,2,0, 75 )
( 10,11,13,8,1, 33 )
( 10,11,13,8,2, 31 )
( 10,12,6,15,22,25,21,19,3, 116 )
( 10,11,4, -11 )
Infty
( 10,12,6, 44 )
( 10,11,4,7, 35 )
( 10,11,13,8, 21 )
Infty
( 10, 0 )
( 10,11, -6 )
( 10,12, 46 )
( 10,11,13, 20 )
( 10,11,13,20,14, 80 )
( 10,12,6,15, 42 )
( 10,12,6,15,22,25,16, 118 )
( 10,11,4,17, -13 )
Infty
( 10,12,6,15,22,25,21,19, 104 )
( 10,11,13,20, 47 )
( 10,12,6,15,22,25,21, 80 )
( 10,12,6,15,22, 70 )
Infty
( 10,11,4,17,24, 22 )
( 10,12,6,15,22,25, 81 )
( 10,12,6,15,22,25,21,19,3,26, 150 )
( 11,4,17,22,25,21,19,0, 59 )
( 11,13,8,1, 39 )
( 11,13,8,2, 37 )
( 11,4,17,22,25,21,19,3, 80 )
( 11,4, -5 )
Infty
( 11,4,17,22,25,21,19,0,6, 49 )
( 11,4,7, 41 )
( 11,13,8, 27 )
Infty
( 11,4,17,22,25,21,19,0,6,12,10, 88 )
( 11, 0 )
( 11,4,17,22,25,21,19,0,6,12, 70 )
( 11,13, 26 )
( 11,13,20,14, 86 )
( 11,4,17,22,25,21,19,0,6,15, 47 )
( 11,4,17,22,25,16, 82 )
( 11,4,17, -7 )
Infty
( 11,4,17,22,25,21,19, 68 )
( 11,13,20, 53 )
( 11,4,17,22,25,21, 44 )
( 11,4,17,22, 34 )
Infty
( 11,4,17,24, 28 )
( 11,4,17,22,25, 45 )
( 11,4,17,22,25,21,19,3,26, 114 )
( 12,6,15,22,25,21,19,0, 49 )
( 12,6,15,11,13,8,1, 46 )
( 12,6,15,11,13,8,2, 44 )
( 12,6,15,22,25,21,19,3, 70 )
( 12,6,15,11,13,8,1,4, 93 )
Infty
( 12,6, -2 )
( 12,6,15,11,13,20,7, 71 )
( 12,6,15,11,13,8, 34 )
Infty
( 12,10, 18 )
( 12,6,15,11, 7 )
( 12, 0 )
( 12,6,15,11,13, 33 )
( 12,6,15,11,13,20,14, 93 )
( 12,6,15, -4 )
( 12,6,15,22,25,16, 72 )
( 12,6,15,22,25,21,17, 70 )
Infty
( 12,6,15,22,25,21,19, 58 )
( 12,6,15,11,13,20, 60 )
( 12,6,15,22,25,21, 34 )
( 12,6,15,22, 24 )
Infty
( 12,6,15,22,25,21,19,0,24, 42 )
( 12,6,15,22,25, 35 )
( 12,6,15,22,25,21,19,3,26, 104 )
( 13,8,2,0, 55 )
( 13,8,1, 13 )
( 13,8,2, 11 )
( 13,8,1,6,15,22,25,21,19,3, 97 )
( 13,8,1,6,15,11,4, 29 )
Infty
( 13,8,1,6, 25 )
( 13,20,7, 38 )
( 13,8, 1 )
Infty
( 13,8,1,6,12,10, 64 )
( 13,8,1,6,15,11, 34 )
( 13,8,1,6,12, 46 )
( 13, 0 )
( 13,20,14, 60 )
( 13,8,1,6,15, 23 )
( 13,8,1,6,15,22,25,16, 99 )
( 13,8,1,6,15,11,4,17, 27 )
Infty
( 13,8,1,6,15,22,25,21,19, 85 )
( 13,20, 27 )
( 13,8,1,6,15,22,25,21, 61 )
( 13,8,1,6,15,22, 51 )
Infty
( 13,8,2,0,24, 48 )
( 13,8,1,6,15,22,25, 62 )
( 13,8,1,6,15,22,25,21,19,3,26, 131 )
( 14,24,13,8,2,0, 113 )
( 14,24,13,8,1, 71 )
( 14,24,13,8,2, 69 )
( 14,24,13,8,1,6,15,22,25,21,19,3, 155 )
( 14,24,13,8,1,6,15,11,4, 87 )
Infty
( 14,24,13,8,1,6, 83 )
( 14,7, 16 )
( 14,24,13,8, 59 )
( 14,24,13,8,1,6,15,22,25,21,19,3,26,18,9, 220 )
( 14,24,13,8,1,6,12,10, 122 )
( 14,24,13,8,1,6,15,11, 92 )
( 14,24,13,8,1,6,12, 104 )
( 14,24,13, 58 )
( 14, 0 )
( 14,24,13,8,1,6,15, 81 )
( 14,24,13,8,1,6,15,22,25,16, 157 )
( 14,24,13,8,1,6,15,11,4,17, 85 )
( 14,24,13,8,1,6,15,22,25,21,19,3,26,18, 190 )
( 14,24,13,8,1,6,15,22,25,21,19, 143 )
( 14,24,13,20, 85 )
( 14,24,13,8,1,6,15,22,25,21, 119 )
( 14,24,13,8,1,6,15,22, 109 )
Infty
( 14,24, 26 )
( 14,24,13,8,1,6,15,22,25, 120 )
( 14,24,13,8,1,6,15,22,25,21,19,3,26, 189 )
( 15,22,25,21,19,0, 53 )
( 15,11,13,8,1, 50 )
( 15,11,13,8,2, 48 )
( 15,22,25,21,19,3, 74 )
( 15,11,4, 6 )
Infty
( 15,22,25,21,19,0,6, 43 )
( 15,11,4,7, 52 )
( 15,11,13,8, 38 )
Infty
( 15,22,25,21,19,0,6,12,10, 82 )
( 15,11, 11 )
( 15,22,25,21,19,0,6,12, 64 )
( 15,11,13, 37 )
Infty
( 15, 0 )
( 15,22,25,16, 76 )
( 15,11,4,17, 4 )
( 15,22,25,21,19,3,26,18, 109 )
( 15,22,25,21,19, 62 )
Infty
( 15,22,25,21, 38 )
( 15,22, 28 )
Infty
( 15,11,4,17,24, 39 )
( 15,22,25, 39 )
( 15,22,25,21,19,3,26, 108 )
( 16,21,19,0, 60 )
( 16,10,11,13,8,1, 65 )
( 16,10,11,13,8,2, 63 )
( 16,21,19,3, 81 )
( 16,10,11,4, 21 )
Infty
( 16,21,19,0,6, 50 )
( 16,10,11,4,7, 67 )
( 16,10,11,13,8, 53 )
Infty
( 16,10, 32 )
( 16,10,11, 26 )
( 16,21,19,0,6,12, 71 )
( 16,10,11,13, 52 )
( 16,10,11,13,20,14, 112 )
( 16,21,19,0,6,15, 48 )
( 16, 0 )
( 16,10,11,4,17, 19 )
Infty
( 16,21,19, 69 )
( 16,10,11,13,20, 79 )
( 16,21, 45 )
( 16,10,11,4,17,22, 60 )
Infty
( 16,21,19,0,24, 53 )
( 16,10,11,4,17,22,25, 71 )
Infty
( 17,22,25,21,19,0, 66 )
( 17,24,13,8,1, 80 )
( 17,24,13,8,2, 78 )
( 17,22,25,21,19,3, 87 )
( 17,22,25,21,19,0,6,12,10,11,4, 84 )
Infty
( 17,22,25,21,19,0,6, 56 )
( 17,24,7, 80 )
( 17,24,13,8, 68 )
( 17,22,25,21,19,3,26,18,9, 152 )
( 17,22,25,21,19,0,6,12,10, 95 )
( 17,22,25,21,19,0,6,12,10,11, 89 )
( 17,22,25,21,19,0,6,12, 77 )
( 17,24,13, 67 )
Infty
( 17,22,25,21,19,0,6,15, 54 )
( 17,22,25,16, 89 )
( 17, 0 )
( 17,22,25,21,19,3,26,18, 122 )
( 17,22,25,21,19, 75 )
Infty
( 17,22,25,21, 51 )
( 17,22, 41 )
Infty
( 17,24, 35 )
( 17,22,25, 52 )
( 17,22,25,21,19,3,26, 121 )
( 18,15,22,25,21,19,0, 50 )
( 18,15,11,13,8,1, 47 )
( 18,15,11,13,8,2, 45 )
Infty
( 18,15,11,4, 3 )
Infty
( 18,9,12,6, 22 )
( 18,15,11,4,7, 49 )
( 18,15,11,13,8, 35 )
( 18,9, 30 )
( 18,9,12,10, 42 )
( 18,15,11, 8 )
( 18,9,12, 24 )
( 18,15,11,13, 34 )
( 18,15,11,13,20,14, 94 )
( 18,15, -3 )
( 18,15,22,25,16, 73 )
( 18,15,11,4,17, 1 )
( 18, 0 )
( 18,15,22,25,21,19, 59 )
( 18,15,11,13,20, 61 )
( 18,15,22,25,21, 35 )
( 18,15,22, 25 )
Infty
( 18,15,11,4,17,24, 36 )
( 18,15,22,25, 36 )
Infty
( 19,0, -9 )
( 19,0,6,15,11,13,8,1, 29 )
( 19,0,6,15,11,13,8,2, 27 )
( 19,3, 12 )
( 19,0,6,15,11,4, -15 )
Infty
( 19,0,6, -19 )
( 19,0,6,15,11,4,7, 31 )
( 19,0,6,15,11,13,8, 17 )
Infty
( 19,0,6,12,10, 20 )
( 19,0,6,15,11, -10 )
( 19,0,6,12, 2 )
( 19,0,6,15,11,13, 16 )
( 19,0,6,15,11,13,20,14, 76 )
( 19,0,6,15, -21 )
( 19,0,6,15,11,4,17,22,25,16, 72 )
( 19,0,6,15,11,4,17, -17 )
( 19,3,26,18, 47 )
( 19, 0 )
( 19,0,6,15,11,13,20, 43 )
( 19,0,6,15,11,4,17,22,25,21, 34 )
( 19,0,6,15,11,4,17,22, 24 )
Infty
( 19,0,6,15,11,4,17,24, 18 )
( 19,0,6,15,11,4,17,22,25, 35 )
( 19,3,26, 46 )
( 20,7,13,8,2,0, 112 )
( 20,7,13,8,1, 70 )
( 20,7,13,8,2, 68 )
( 20,7,13,8,1,6,15,22,25,21,19,3, 154 )
( 20,7,13,8,1,6,15,11,4, 86 )
Infty
( 20,7,13,8,1,6, 82 )
( 20,7, 11 )
( 20,7,13,8, 58 )
Infty
( 20,7,13,8,1,6,12,10, 121 )
( 20,7,13,8,1,6,15,11, 91 )
( 20,7,13,8,1,6,12, 103 )
( 20,7,13, 57 )
( 20,14, 33 )
( 20,7,13,8,1,6,15, 80 )
( 20,7,13,8,1,6,15,22,25,16, 156 )
( 20,7,13,8,1,6,15,11,4,17, 84 )
( 20,7,13,8,1,6,15,22,25,21,19,3,26,18, 189 )
( 20,7,13,8,1,6,15,22,25,21,19, 142 )
( 20, 0 )
( 20,7,13,8,1,6,15,22,25,21, 118 )
( 20,7,13,8,1,6,15,22, 108 )
Infty
( 20,14,24, 59 )
( 20,7,13,8,1,6,15,22,25, 119 )
( 20,7,13,8,1,6,15,22,25,21,19,3,26, 188 )
( 21,19,0, 15 )
( 21,19,0,24,13,8,1, 53 )
( 21,19,0,24,13,8,2, 51 )
( 21,19,3, 36 )
( 21,19,0,6,15,11,4, 9 )
Infty
( 21,19,0,6, 5 )
( 21,19,0,24,7, 53 )
( 21,19,0,24,13,8, 41 )
( 21,19,3,26,18,9, 101 )
Infty
( 21,19,0,6,15,11, 14 )
( 21,19,0,6,12, 26 )
( 21,19,0,24,13, 40 )
Infty
( 21,19,0,6,15, 3 )
Infty
( 21,19,0,6,15,11,4,17, 7 )
( 21,19,3,26,18, 71 )
( 21,19, 24 )
( 21,19,0,24,13,20, 67 )
( 21, 0 )
( 21,19,0,6,15,22, 31 )
Infty
( 21,19,0,24, 8 )
( 21,19,0,6,15,22,25, 42 )
( 21,19,3,26, 70 )
( 22,6,15,11,13,8,2,0, 130 )
( 22,6,15,11,13,8,1, 88 )
( 22,6,15,11,13,8,2, 86 )
Infty
( 22,6,15,11,4, 44 )
Infty
( 22,6, 40 )
( 22,6,15,11,4,7, 90 )
( 22,6,15,11,13,8, 76 )
Infty
( 22,6,12,10, 79 )
( 22,6,15,11, 49 )
( 22,6,12, 61 )
( 22,6,15,11,13, 75 )
( 22,6,15,11,13,20,14, 135 )
( 22,6,15, 38 )
Infty
( 22,6,15,11,4,17, 42 )
Infty
Infty
( 22,6,15,11,13,20, 102 )
Infty
( 22, 0 )
Infty
( 22,6,15,11,4,17,24, 77 )
Infty
Infty
( 23,21,19,0, 15 )
( 23,21,19,0,24,13,8,1, 53 )
( 23,2, 35 )
( 23,21,19,3, 36 )
( 23,21,19,0,6,15,11,4, 9 )
Infty
( 23,21,19,0,6, 5 )
( 23,21,19,0,24,7, 53 )
( 23,21,19,0,24,13,8, 41 )
Infty
( 23,21,19,0,6,12,10, 44 )
( 23,21,19,0,6,15,11, 14 )
( 23,21,19,0,6,12, 26 )
( 23,21,19,0,24,13, 40 )
( 23,21,19,0,24,13,20,14, 100 )
( 23,21,19,0,6,15, 3 )
( 23,21,19,0,6,15,22,25,16, 79 )
( 23,21,19,0,6,15,11,4,17, 7 )
Infty
( 23,21,19, 24 )
( 23,21,19,0,24,13,20, 67 )
( 23,21, 0 )
( 23,21,19,0,6,15,22, 31 )
( 23, 0 )
( 23,21,19,0,24, 8 )
( 23,21,19,0,6,15,22,25, 42 )
Infty
( 24,13,8,2,0, 87 )
( 24,13,8,1, 45 )
( 24,13,8,2, 43 )
Infty
( 24,13,8,1,6,15,11,4, 61 )
Infty
( 24,13,8,1,6, 57 )
( 24,7, 45 )
( 24,13,8, 33 )
Infty
( 24,13,8,1,6,12,10, 96 )
( 24,13,8,1,6,15,11, 66 )
( 24,13,8,1,6,12, 78 )
( 24,13, 32 )
( 24,13,20,14, 92 )
( 24,13,8,1,6,15, 55 )
Infty
( 24,13,8,1,6,15,11,4,17, 59 )
Infty
( 24,13,8,1,6,15,22,25,21,19, 117 )
( 24,13,20, 59 )
( 24,13,8,1,6,15,22,25,21, 93 )
( 24,13,8,1,6,15,22, 83 )
Infty
( 24, 0 )
( 24,13,8,1,6,15,22,25, 94 )
Infty
( 25,21,19,0, 14 )
( 25,21,19,0,24,13,8,1, 52 )
( 25,21,19,0,24,13,8,2, 50 )
( 25,21,19,3, 35 )
( 25,21,19,0,6,15,11,4, 8 )
Infty
( 25,21,19,0,6, 4 )
( 25,21,19,0,24,7, 52 )
( 25,21,19,0,24,13,8, 40 )
( 25,21,19,3,26,18,9, 100 )
( 25,21,19,0,6,12,10, 43 )
( 25,21,19,0,6,15,11, 13 )
( 25,21,19,0,6,12, 25 )
( 25,21,19,0,24,13, 39 )
( 25,21,19,0,24,13,20,14, 99 )
( 25,21,19,0,6,15, 2 )
( 25,16, 37 )
( 25,21,19,0,6,15,11,4,17, 6 )
( 25,21,19,3,26,18, 70 )
( 25,21,19, 23 )
( 25,21,19,0,24,13,20, 66 )
( 25,21, -1 )
( 25,21,19,0,6,15,22, 30 )
Infty
( 25,21,19,0,24, 7 )
( 25, 0 )
( 25,21,19,3,26, 69 )
( 26,18,15,11,13,8,2,0, 90 )
Infty
( 26,18,15,11,13,8,2, 46 )
Infty
( 26,18,15,11,4, 4 )
Infty
( 26,18,9,12,6, 23 )
( 26,18,15,11,4,7, 50 )
( 26,18,15,11,13,8, 36 )
( 26,18,9, 31 )
( 26,18,9,12,10, 43 )
( 26,18,15,11, 9 )
( 26,18,9,12, 25 )
( 26,18,15,11,13, 35 )
Infty
( 26,18,15, -2 )
( 26,18,15,22,25,16, 74 )
( 26,18,15,11,4,17, 2 )
( 26,18, 1 )
Infty
( 26,18,15,11,13,20, 62 )
( 26,18,15,22,25,21, 36 )
( 26,18,15,22, 26 )
Infty
( 26,18,15,11,4,17,24, 37 )
( 26,18,15,22,25, 37 )
( 26, 0 )
